case_id,mode,source_fold,image_shape_zyx,availability_lge_t2_c0,source_probability_path,source_prediction_path,output_prediction_path,gt_path,model_forward_count,checkpoint_actual_load_count,prototype_memory_actual_load_count,memory_query_policy,raw_anchor_used_for_final_baseline,safety_context_used_for_srr_evidence,changed_voxels,raw_label_mismatch,anchor_identity_softmax_max_abs_delta,nonidentity_downstream_tensor_max_abs_delta,no_t2_case,no_t2_full_chain_exact_zero,geometry_matches_gt,output_sha256
Case1002,anchor_bounded_proposal_only,0,"[9, 256, 256]","1.0,0.0,0.0",data/nnUNet/nnUNet_results/Dataset501_CAREMyoPS/nnUNetTrainer_500epochs__nnUNetPlans__3d_fullres/fold_0/validation/Case1002.npz,data/nnUNet/nnUNet_results/Dataset501_CAREMyoPS/nnUNetTrainer_500epochs__nnUNetPlans__3d_fullres/fold_0/validation/Case1002.nii.gz,results/20260721_srr_batch5_post_batch4_diagnostic_repair/runtime/inference/anchor_bounded_proposal_only/predictions/Case1002.nii.gz,data/nnUNet/nnUNet_raw/Dataset501_CAREMyoPS/labelsTr/Case1002.nii.gz,1,1,1,validation_inference_all_train_shards,True,True,2,0,,3.7710766792297363,True,True,True,184ef49acf95b9e1b8f3cc75ca3a1dbd8e4e207347687bb3e6a3967031f70f59
Case1007,anchor_bounded_proposal_only,0,"[24, 256, 256]","1.0,0.0,0.0",data/nnUNet/nnUNet_results/Dataset501_CAREMyoPS/nnUNetTrainer_500epochs__nnUNetPlans__3d_fullres/fold_0/validation/Case1007.npz,data/nnUNet/nnUNet_results/Dataset501_CAREMyoPS/nnUNetTrainer_500epochs__nnUNetPlans__3d_fullres/fold_0/validation/Case1007.nii.gz,results/20260721_srr_batch5_post_batch4_diagnostic_repair/runtime/inference/anchor_bounded_proposal_only/predictions/Case1007.nii.gz,data/nnUNet/nnUNet_raw/Dataset501_CAREMyoPS/labelsTr/Case1007.nii.gz,1,1,1,validation_inference_all_train_shards,True,True,9,0,,3.771233558654785,True,True,True,9c53dc22569f766fe6c6f664e0f684b0f3314e776ea1ac4d66776cff3ff83db2
Case1009,anchor_bounded_proposal_only,0,"[16, 256, 256]","1.0,0.0,0.0",data/nnUNet/nnUNet_results/Dataset501_CAREMyoPS/nnUNetTrainer_500epochs__nnUNetPlans__3d_fullres/fold_0/validation/Case1009.npz,data/nnUNet/nnUNet_results/Dataset501_CAREMyoPS/nnUNetTrainer_500epochs__nnUNetPlans__3d_fullres/fold_0/validation/Case1009.nii.gz,results/20260721_srr_batch5_post_batch4_diagnostic_repair/runtime/inference/anchor_bounded_proposal_only/predictions/Case1009.nii.gz,data/nnUNet/nnUNet_raw/Dataset501_CAREMyoPS/labelsTr/Case1009.nii.gz,1,1,1,validation_inference_all_train_shards,True,True,15,0,,3.7696049213409424,True,True,True,601ea17dab75817b3a0209bf9d1bcf229168c06ccc2c6b7777dbcce5e3dac295
Case1010,anchor_bounded_proposal_only,0,"[12, 256, 256]","1.0,0.0,0.0",data/nnUNet/nnUNet_results/Dataset501_CAREMyoPS/nnUNetTrainer_500epochs__nnUNetPlans__3d_fullres/fold_0/validation/Case1010.npz,data/nnUNet/nnUNet_results/Dataset501_CAREMyoPS/nnUNetTrainer_500epochs__nnUNetPlans__3d_fullres/fold_0/validation/Case1010.nii.gz,results/20260721_srr_batch5_post_batch4_diagnostic_repair/runtime/inference/anchor_bounded_proposal_only/predictions/Case1010.nii.gz,data/nnUNet/nnUNet_raw/Dataset501_CAREMyoPS/labelsTr/Case1010.nii.gz,1,1,1,validation_inference_all_train_shards,True,True,46,0,,3.7806413173675537,True,True,True,f6238883c614d897cad647aac703ec2da5f11d8476ba31ea9981a8547fe85dbb
Case1021,anchor_bounded_proposal_only,0,"[12, 256, 256]","1.0,0.0,0.0",data/nnUNet/nnUNet_results/Dataset501_CAREMyoPS/nnUNetTrainer_500epochs__nnUNetPlans__3d_fullres/fold_0/validation/Case1021.npz,data/nnUNet/nnUNet_results/Dataset501_CAREMyoPS/nnUNetTrainer_500epochs__nnUNetPlans__3d_fullres/fold_0/validation/Case1021.nii.gz,results/20260721_srr_batch5_post_batch4_diagnostic_repair/runtime/inference/anchor_bounded_proposal_only/predictions/Case1021.nii.gz,data/nnUNet/nnUNet_raw/Dataset501_CAREMyoPS/labelsTr/Case1021.nii.gz,1,1,1,validation_inference_all_train_shards,True,True,10,0,,3.807249069213867,True,True,True,c9c9a53e99e9f1165b0bc60b30275af61a8d2c5c6553f31ac5e81f1e088d2a40
Case1023,anchor_bounded_proposal_only,0,"[21, 256, 256]","1.0,0.0,0.0",data/nnUNet/nnUNet_results/Dataset501_CAREMyoPS/nnUNetTrainer_500epochs__nnUNetPlans__3d_fullres/fold_0/validation/Case1023.npz,data/nnUNet/nnUNet_results/Dataset501_CAREMyoPS/nnUNetTrainer_500epochs__nnUNetPlans__3d_fullres/fold_0/validation/Case1023.nii.gz,results/20260721_srr_batch5_post_batch4_diagnostic_repair/runtime/inference/anchor_bounded_proposal_only/predictions/Case1023.nii.gz,data/nnUNet/nnUNet_raw/Dataset501_CAREMyoPS/labelsTr/Case1023.nii.gz,1,1,1,validation_inference_all_train_shards,True,True,4,0,,3.7654945850372314,True,True,True,a1f9cb98e3da0648b8b4acbd9a29b33b980357f0f610427de97e08e14d3ee83a
Case1029,anchor_bounded_proposal_only,0,"[19, 256, 256]","1.0,0.0,0.0",data/nnUNet/nnUNet_results/Dataset501_CAREMyoPS/nnUNetTrainer_500epochs__nnUNetPlans__3d_fullres/fold_0/validation/Case1029.npz,data/nnUNet/nnUNet_results/Dataset501_CAREMyoPS/nnUNetTrainer_500epochs__nnUNetPlans__3d_fullres/fold_0/validation/Case1029.nii.gz,results/20260721_srr_batch5_post_batch4_diagnostic_repair/runtime/inference/anchor_bounded_proposal_only/predictions/Case1029.nii.gz,data/nnUNet/nnUNet_raw/Dataset501_CAREMyoPS/labelsTr/Case1029.nii.gz,1,1,1,validation_inference_all_train_shards,True,True,22,0,,3.769413948059082,True,True,True,84d01724374d697a298eca596a84bfbbdb4fb94e2d30e2f810f873792bc1c964
Case1033,anchor_bounded_proposal_only,0,"[20, 256, 256]","1.0,0.0,0.0",data/nnUNet/nnUNet_results/Dataset501_CAREMyoPS/nnUNetTrainer_500epochs__nnUNetPlans__3d_fullres/fold_0/validation/Case1033.npz,data/nnUNet/nnUNet_results/Dataset501_CAREMyoPS/nnUNetTrainer_500epochs__nnUNetPlans__3d_fullres/fold_0/validation/Case1033.nii.gz,results/20260721_srr_batch5_post_batch4_diagnostic_repair/runtime/inference/anchor_bounded_proposal_only/predictions/Case1033.nii.gz,data/nnUNet/nnUNet_raw/Dataset501_CAREMyoPS/labelsTr/Case1033.nii.gz,1,1,1,validation_inference_all_train_shards,True,True,28,0,,3.7103981971740723,True,True,True,31cc93fe3cef9e9d45ca502e750407c234e4f50d242483c660099cb9a9eed0fa
Case1040,anchor_bounded_proposal_only,0,"[12, 256, 256]","1.0,0.0,0.0",data/nnUNet/nnUNet_results/Dataset501_CAREMyoPS/nnUNetTrainer_500epochs__nnUNetPlans__3d_fullres/fold_0/validation/Case1040.npz,data/nnUNet/nnUNet_results/Dataset501_CAREMyoPS/nnUNetTrainer_500epochs__nnUNetPlans__3d_fullres/fold_0/validation/Case1040.nii.gz,results/20260721_srr_batch5_post_batch4_diagnostic_repair/runtime/inference/anchor_bounded_proposal_only/predictions/Case1040.nii.gz,data/nnUNet/nnUNet_raw/Dataset501_CAREMyoPS/labelsTr/Case1040.nii.gz,1,1,1,validation_inference_all_train_shards,True,True,28,0,,3.7561185359954834,True,True,True,34ee0e61986f517a4a021f27de58b14b101b81e4c6ab93ac263a33551f4fa905
Case1042,anchor_bounded_proposal_only,0,"[7, 256, 256]","1.0,0.0,0.0",data/nnUNet/nnUNet_results/Dataset501_CAREMyoPS/nnUNetTrainer_500epochs__nnUNetPlans__3d_fullres/fold_0/validation/Case1042.npz,data/nnUNet/nnUNet_results/Dataset501_CAREMyoPS/nnUNetTrainer_500epochs__nnUNetPlans__3d_fullres/fold_0/validation/Case1042.nii.gz,results/20260721_srr_batch5_post_batch4_diagnostic_repair/runtime/inference/anchor_bounded_proposal_only/predictions/Case1042.nii.gz,data/nnUNet/nnUNet_raw/Dataset501_CAREMyoPS/labelsTr/Case1042.nii.gz,1,1,1,validation_inference_all_train_shards,True,True,6,0,,3.8389856815338135,True,True,True,0ee786e29f13b2ffd8111f91a98247f04686956235b5b0e8ed0815b9e8ac7a7c
Case1045,anchor_bounded_proposal_only,0,"[9, 256, 256]","1.0,0.0,0.0",data/nnUNet/nnUNet_results/Dataset501_CAREMyoPS/nnUNetTrainer_500epochs__nnUNetPlans__3d_fullres/fold_0/validation/Case1045.npz,data/nnUNet/nnUNet_results/Dataset501_CAREMyoPS/nnUNetTrainer_500epochs__nnUNetPlans__3d_fullres/fold_0/validation/Case1045.nii.gz,results/20260721_srr_batch5_post_batch4_diagnostic_repair/runtime/inference/anchor_bounded_proposal_only/predictions/Case1045.nii.gz,data/nnUNet/nnUNet_raw/Dataset501_CAREMyoPS/labelsTr/Case1045.nii.gz,1,1,1,validation_inference_all_train_shards,True,True,11,0,,3.8378148078918457,True,True,True,a360e660fa6d9b8302e09cc9ccc3e9a1443cb0272543e6d7d3927c64b7ace10a
Case1047,anchor_bounded_proposal_only,0,"[24, 256, 256]","1.0,0.0,0.0",data/nnUNet/nnUNet_results/Dataset501_CAREMyoPS/nnUNetTrainer_500epochs__nnUNetPlans__3d_fullres/fold_0/validation/Case1047.npz,data/nnUNet/nnUNet_results/Dataset501_CAREMyoPS/nnUNetTrainer_500epochs__nnUNetPlans__3d_fullres/fold_0/validation/Case1047.nii.gz,results/20260721_srr_batch5_post_batch4_diagnostic_repair/runtime/inference/anchor_bounded_proposal_only/predictions/Case1047.nii.gz,data/nnUNet/nnUNet_raw/Dataset501_CAREMyoPS/labelsTr/Case1047.nii.gz,1,1,1,validation_inference_all_train_shards,True,True,39,0,,3.7920944690704346,True,True,True,3123dfdb746aceece38d92ea5fbf4f98df93e276ac79608fcab867b1e4de56fa
Case1053,anchor_bounded_proposal_only,0,"[9, 256, 256]","1.0,0.0,0.0",data/nnUNet/nnUNet_results/Dataset501_CAREMyoPS/nnUNetTrainer_500epochs__nnUNetPlans__3d_fullres/fold_0/validation/Case1053.npz,data/nnUNet/nnUNet_results/Dataset501_CAREMyoPS/nnUNetTrainer_500epochs__nnUNetPlans__3d_fullres/fold_0/validation/Case1053.nii.gz,results/20260721_srr_batch5_post_batch4_diagnostic_repair/runtime/inference/anchor_bounded_proposal_only/predictions/Case1053.nii.gz,data/nnUNet/nnUNet_raw/Dataset501_CAREMyoPS/labelsTr/Case1053.nii.gz,1,1,1,validation_inference_all_train_shards,True,True,13,0,,3.768024444580078,True,True,True,334e50a36650d13d005d7e66c09a6c51bd1f273367b4e8017f8abbb463b22578
Case1062,anchor_bounded_proposal_only,0,"[20, 256, 256]","1.0,0.0,0.0",data/nnUNet/nnUNet_results/Dataset501_CAREMyoPS/nnUNetTrainer_500epochs__nnUNetPlans__3d_fullres/fold_0/validation/Case1062.npz,data/nnUNet/nnUNet_results/Dataset501_CAREMyoPS/nnUNetTrainer_500epochs__nnUNetPlans__3d_fullres/fold_0/validation/Case1062.nii.gz,results/20260721_srr_batch5_post_batch4_diagnostic_repair/runtime/inference/anchor_bounded_proposal_only/predictions/Case1062.nii.gz,data/nnUNet/nnUNet_raw/Dataset501_CAREMyoPS/labelsTr/Case1062.nii.gz,1,1,1,validation_inference_all_train_shards,True,True,27,0,,3.770571231842041,True,True,True,2ef45d21c2eb5058dd4fea454b10c534a9ffdbc4d00e402623ecb8b4c42319a7
Case1070,anchor_bounded_proposal_only,0,"[20, 256, 256]","1.0,0.0,0.0",data/nnUNet/nnUNet_results/Dataset501_CAREMyoPS/nnUNetTrainer_500epochs__nnUNetPlans__3d_fullres/fold_0/validation/Case1070.npz,data/nnUNet/nnUNet_results/Dataset501_CAREMyoPS/nnUNetTrainer_500epochs__nnUNetPlans__3d_fullres/fold_0/validation/Case1070.nii.gz,results/20260721_srr_batch5_post_batch4_diagnostic_repair/runtime/inference/anchor_bounded_proposal_only/predictions/Case1070.nii.gz,data/nnUNet/nnUNet_raw/Dataset501_CAREMyoPS/labelsTr/Case1070.nii.gz,1,1,1,validation_inference_all_train_shards,True,True,42,0,,3.8030388355255127,True,True,True,18f4a90aa61669eac65b2f372d0f6ded91afd88c199dfe0d9f821e063515051b
Case1073,anchor_bounded_proposal_only,0,"[10, 256, 256]","1.0,0.0,0.0",data/nnUNet/nnUNet_results/Dataset501_CAREMyoPS/nnUNetTrainer_500epochs__nnUNetPlans__3d_fullres/fold_0/validation/Case1073.npz,data/nnUNet/nnUNet_results/Dataset501_CAREMyoPS/nnUNetTrainer_500epochs__nnUNetPlans__3d_fullres/fold_0/validation/Case1073.nii.gz,results/20260721_srr_batch5_post_batch4_diagnostic_repair/runtime/inference/anchor_bounded_proposal_only/predictions/Case1073.nii.gz,data/nnUNet/nnUNet_raw/Dataset501_CAREMyoPS/labelsTr/Case1073.nii.gz,1,1,1,validation_inference_all_train_shards,True,True,2,0,,3.74845814704895,True,True,True,bbe23703030673a94661daec6650c8541c311d8cf7ccd2a889bef272d6426764
Case1080,anchor_bounded_proposal_only,0,"[9, 256, 256]","1.0,0.0,0.0",data/nnUNet/nnUNet_results/Dataset501_CAREMyoPS/nnUNetTrainer_500epochs__nnUNetPlans__3d_fullres/fold_0/validation/Case1080.npz,data/nnUNet/nnUNet_results/Dataset501_CAREMyoPS/nnUNetTrainer_500epochs__nnUNetPlans__3d_fullres/fold_0/validation/Case1080.nii.gz,results/20260721_srr_batch5_post_batch4_diagnostic_repair/runtime/inference/anchor_bounded_proposal_only/predictions/Case1080.nii.gz,data/nnUNet/nnUNet_raw/Dataset501_CAREMyoPS/labelsTr/Case1080.nii.gz,1,1,1,validation_inference_all_train_shards,True,True,180,0,,3.956486940383911,True,True,True,28e99261ee4e2dd97078a1174c052aa92a5211df04c16216a672338832b52859
Case2002,anchor_bounded_proposal_only,0,"[6, 251, 264]","1.0,1.0,1.0",data/nnUNet/nnUNet_results/Dataset501_CAREMyoPS/nnUNetTrainer_500epochs__nnUNetPlans__3d_fullres/fold_0/validation/Case2002.npz,data/nnUNet/nnUNet_results/Dataset501_CAREMyoPS/nnUNetTrainer_500epochs__nnUNetPlans__3d_fullres/fold_0/validation/Case2002.nii.gz,results/20260721_srr_batch5_post_batch4_diagnostic_repair/runtime/inference/anchor_bounded_proposal_only/predictions/Case2002.nii.gz,data/nnUNet/nnUNet_raw/Dataset501_CAREMyoPS/labelsTr/Case2002.nii.gz,1,1,1,validation_inference_all_train_shards,True,True,3,0,,3.2333195209503174,False,True,True,6013de012b4889f13db4254506305f6840393aaece53e9fb478155d6e9a4c98d
Case2007,anchor_bounded_proposal_only,0,"[6, 166, 160]","1.0,1.0,1.0",data/nnUNet/nnUNet_results/Dataset501_CAREMyoPS/nnUNetTrainer_500epochs__nnUNetPlans__3d_fullres/fold_0/validation/Case2007.npz,data/nnUNet/nnUNet_results/Dataset501_CAREMyoPS/nnUNetTrainer_500epochs__nnUNetPlans__3d_fullres/fold_0/validation/Case2007.nii.gz,results/20260721_srr_batch5_post_batch4_diagnostic_repair/runtime/inference/anchor_bounded_proposal_only/predictions/Case2007.nii.gz,data/nnUNet/nnUNet_raw/Dataset501_CAREMyoPS/labelsTr/Case2007.nii.gz,1,1,1,validation_inference_all_train_shards,True,True,1,0,,3.219921112060547,False,True,True,06145d7f88d9832a83f9404832b80e662528a5e12c5c2f6df4b0f95d472e0043
Case2008,anchor_bounded_proposal_only,0,"[5, 257, 225]","1.0,1.0,1.0",data/nnUNet/nnUNet_results/Dataset501_CAREMyoPS/nnUNetTrainer_500epochs__nnUNetPlans__3d_fullres/fold_0/validation/Case2008.npz,data/nnUNet/nnUNet_results/Dataset501_CAREMyoPS/nnUNetTrainer_500epochs__nnUNetPlans__3d_fullres/fold_0/validation/Case2008.nii.gz,results/20260721_srr_batch5_post_batch4_diagnostic_repair/runtime/inference/anchor_bounded_proposal_only/predictions/Case2008.nii.gz,data/nnUNet/nnUNet_raw/Dataset501_CAREMyoPS/labelsTr/Case2008.nii.gz,1,1,1,validation_inference_all_train_shards,True,True,0,0,,3.2252206802368164,False,True,True,f6ea721bcf33fcef80d45c5b4b5ccfb65d412019021d53ed7c968d92eae14058
Case2017,anchor_bounded_proposal_only,0,"[5, 257, 248]","1.0,1.0,1.0",data/nnUNet/nnUNet_results/Dataset501_CAREMyoPS/nnUNetTrainer_500epochs__nnUNetPlans__3d_fullres/fold_0/validation/Case2017.npz,data/nnUNet/nnUNet_results/Dataset501_CAREMyoPS/nnUNetTrainer_500epochs__nnUNetPlans__3d_fullres/fold_0/validation/Case2017.nii.gz,results/20260721_srr_batch5_post_batch4_diagnostic_repair/runtime/inference/anchor_bounded_proposal_only/predictions/Case2017.nii.gz,data/nnUNet/nnUNet_raw/Dataset501_CAREMyoPS/labelsTr/Case2017.nii.gz,1,1,1,validation_inference_all_train_shards,True,True,3,0,,3.3791823387145996,False,True,True,8135fc75a564d358a4c41e19d3a5000b551d2c97ab38fbf1c283cc85a7ba14ff
Case2020,anchor_bounded_proposal_only,0,"[6, 160, 160]","1.0,1.0,1.0",data/nnUNet/nnUNet_results/Dataset501_CAREMyoPS/nnUNetTrainer_500epochs__nnUNetPlans__3d_fullres/fold_0/validation/Case2020.npz,data/nnUNet/nnUNet_results/Dataset501_CAREMyoPS/nnUNetTrainer_500epochs__nnUNetPlans__3d_fullres/fold_0/validation/Case2020.nii.gz,results/20260721_srr_batch5_post_batch4_diagnostic_repair/runtime/inference/anchor_bounded_proposal_only/predictions/Case2020.nii.gz,data/nnUNet/nnUNet_raw/Dataset501_CAREMyoPS/labelsTr/Case2020.nii.gz,1,1,1,validation_inference_all_train_shards,True,True,0,0,,3.259026050567627,False,True,True,5277e49cb61b04d7f4b111e9e194597496143623b035e2f333840b853e488d00
Case2031,anchor_bounded_proposal_only,0,"[3, 255, 247]","1.0,1.0,1.0",data/nnUNet/nnUNet_results/Dataset501_CAREMyoPS/nnUNetTrainer_500epochs__nnUNetPlans__3d_fullres/fold_0/validation/Case2031.npz,data/nnUNet/nnUNet_results/Dataset501_CAREMyoPS/nnUNetTrainer_500epochs__nnUNetPlans__3d_fullres/fold_0/validation/Case2031.nii.gz,results/20260721_srr_batch5_post_batch4_diagnostic_repair/runtime/inference/anchor_bounded_proposal_only/predictions/Case2031.nii.gz,data/nnUNet/nnUNet_raw/Dataset501_CAREMyoPS/labelsTr/Case2031.nii.gz,1,1,1,validation_inference_all_train_shards,True,True,0,0,,3.2877941131591797,False,True,True,2b679fd882bf706a2776dba39359d9bf49b4ce4c1f5940896ae6476b643dc9b0
Case2033,anchor_bounded_proposal_only,0,"[7, 247, 225]","1.0,1.0,1.0",data/nnUNet/nnUNet_results/Dataset501_CAREMyoPS/nnUNetTrainer_500epochs__nnUNetPlans__3d_fullres/fold_0/validation/Case2033.npz,data/nnUNet/nnUNet_results/Dataset501_CAREMyoPS/nnUNetTrainer_500epochs__nnUNetPlans__3d_fullres/fold_0/validation/Case2033.nii.gz,results/20260721_srr_batch5_post_batch4_diagnostic_repair/runtime/inference/anchor_bounded_proposal_only/predictions/Case2033.nii.gz,data/nnUNet/nnUNet_raw/Dataset501_CAREMyoPS/labelsTr/Case2033.nii.gz,1,1,1,validation_inference_all_train_shards,True,True,1,0,,3.3056583404541016,False,True,True,7e360b2775c8b78d38ff75f0d19e63b577a68c4df866f0cb5d4efa475c9c3e4a
Case3004,anchor_bounded_proposal_only,0,"[6, 478, 481]","1.0,1.0,1.0",data/nnUNet/nnUNet_results/Dataset501_CAREMyoPS/nnUNetTrainer_500epochs__nnUNetPlans__3d_fullres/fold_0/validation/Case3004.npz,data/nnUNet/nnUNet_results/Dataset501_CAREMyoPS/nnUNetTrainer_500epochs__nnUNetPlans__3d_fullres/fold_0/validation/Case3004.nii.gz,results/20260721_srr_batch5_post_batch4_diagnostic_repair/runtime/inference/anchor_bounded_proposal_only/predictions/Case3004.nii.gz,data/nnUNet/nnUNet_raw/Dataset501_CAREMyoPS/labelsTr/Case3004.nii.gz,1,1,1,validation_inference_all_train_shards,True,True,0,0,,3.2593560218811035,False,True,False,13553c93a66e58b00f374a36373d6139e4beaf3cf1e5acde7f4ee8483f1f41c4
Case3011,anchor_bounded_proposal_only,0,"[2, 498, 489]","1.0,1.0,1.0",data/nnUNet/nnUNet_results/Dataset501_CAREMyoPS/nnUNetTrainer_500epochs__nnUNetPlans__3d_fullres/fold_0/validation/Case3011.npz,data/nnUNet/nnUNet_results/Dataset501_CAREMyoPS/nnUNetTrainer_500epochs__nnUNetPlans__3d_fullres/fold_0/validation/Case3011.nii.gz,results/20260721_srr_batch5_post_batch4_diagnostic_repair/runtime/inference/anchor_bounded_proposal_only/predictions/Case3011.nii.gz,data/nnUNet/nnUNet_raw/Dataset501_CAREMyoPS/labelsTr/Case3011.nii.gz,1,1,1,validation_inference_all_train_shards,True,True,0,0,,3.13728404045105,False,True,False,15381beeca493e9807cb8540362021801e3424249f020bfa725a497f4eef4d56
Case3012,anchor_bounded_proposal_only,0,"[5, 477, 477]","1.0,1.0,1.0",data/nnUNet/nnUNet_results/Dataset501_CAREMyoPS/nnUNetTrainer_500epochs__nnUNetPlans__3d_fullres/fold_0/validation/Case3012.npz,data/nnUNet/nnUNet_results/Dataset501_CAREMyoPS/nnUNetTrainer_500epochs__nnUNetPlans__3d_fullres/fold_0/validation/Case3012.nii.gz,results/20260721_srr_batch5_post_batch4_diagnostic_repair/runtime/inference/anchor_bounded_proposal_only/predictions/Case3012.nii.gz,data/nnUNet/nnUNet_raw/Dataset501_CAREMyoPS/labelsTr/Case3012.nii.gz,1,1,1,validation_inference_all_train_shards,True,True,5,0,,3.3252320289611816,False,True,False,c8ba77f6a5c1193393cb57ed9830ab1ff39089e6c0070d563dd09038843e3761
Case3023,anchor_bounded_proposal_only,0,"[3, 479, 481]","1.0,1.0,1.0",data/nnUNet/nnUNet_results/Dataset501_CAREMyoPS/nnUNetTrainer_500epochs__nnUNetPlans__3d_fullres/fold_0/validation/Case3023.npz,data/nnUNet/nnUNet_results/Dataset501_CAREMyoPS/nnUNetTrainer_500epochs__nnUNetPlans__3d_fullres/fold_0/validation/Case3023.nii.gz,results/20260721_srr_batch5_post_batch4_diagnostic_repair/runtime/inference/anchor_bounded_proposal_only/predictions/Case3023.nii.gz,data/nnUNet/nnUNet_raw/Dataset501_CAREMyoPS/labelsTr/Case3023.nii.gz,1,1,1,validation_inference_all_train_shards,True,True,2,0,,3.1274497509002686,False,True,False,1e8afc84a057606cb6fd0a009f8685e95bd46eee45da7475fb7799447ee0e5d0
Case3026,anchor_bounded_proposal_only,0,"[5, 471, 474]","1.0,1.0,1.0",data/nnUNet/nnUNet_results/Dataset501_CAREMyoPS/nnUNetTrainer_500epochs__nnUNetPlans__3d_fullres/fold_0/validation/Case3026.npz,data/nnUNet/nnUNet_results/Dataset501_CAREMyoPS/nnUNetTrainer_500epochs__nnUNetPlans__3d_fullres/fold_0/validation/Case3026.nii.gz,results/20260721_srr_batch5_post_batch4_diagnostic_repair/runtime/inference/anchor_bounded_proposal_only/predictions/Case3026.nii.gz,data/nnUNet/nnUNet_raw/Dataset501_CAREMyoPS/labelsTr/Case3026.nii.gz,1,1,1,validation_inference_all_train_shards,True,True,2,0,,3.2371084690093994,False,True,False,8a9336dde8998edac138d0ec082b2b71d2f235234ec72b49e4c151ebb2953f3c
Case3034,anchor_bounded_proposal_only,0,"[4, 458, 462]","1.0,1.0,1.0",data/nnUNet/nnUNet_results/Dataset501_CAREMyoPS/nnUNetTrainer_500epochs__nnUNetPlans__3d_fullres/fold_0/validation/Case3034.npz,data/nnUNet/nnUNet_results/Dataset501_CAREMyoPS/nnUNetTrainer_500epochs__nnUNetPlans__3d_fullres/fold_0/validation/Case3034.nii.gz,results/20260721_srr_batch5_post_batch4_diagnostic_repair/runtime/inference/anchor_bounded_proposal_only/predictions/Case3034.nii.gz,data/nnUNet/nnUNet_raw/Dataset501_CAREMyoPS/labelsTr/Case3034.nii.gz,1,1,1,validation_inference_all_train_shards,True,True,3,0,,3.351994752883911,False,True,False,5763704d18b2967aca98f942a3f6ffe0482642912383d3806602e17b686c6451
Case3038,anchor_bounded_proposal_only,0,"[3, 508, 506]","1.0,1.0,1.0",data/nnUNet/nnUNet_results/Dataset501_CAREMyoPS/nnUNetTrainer_500epochs__nnUNetPlans__3d_fullres/fold_0/validation/Case3038.npz,data/nnUNet/nnUNet_results/Dataset501_CAREMyoPS/nnUNetTrainer_500epochs__nnUNetPlans__3d_fullres/fold_0/validation/Case3038.nii.gz,results/20260721_srr_batch5_post_batch4_diagnostic_repair/runtime/inference/anchor_bounded_proposal_only/predictions/Case3038.nii.gz,data/nnUNet/nnUNet_raw/Dataset501_CAREMyoPS/labelsTr/Case3038.nii.gz,1,1,1,validation_inference_all_train_shards,True,True,2,0,,3.2945451736450195,False,True,True,f9bd088f39aabaebf5e684b02188d05ac1c8e2cf576050da8ef654f7ceafd130
Case3040,anchor_bounded_proposal_only,0,"[3, 495, 498]","1.0,1.0,1.0",data/nnUNet/nnUNet_results/Dataset501_CAREMyoPS/nnUNetTrainer_500epochs__nnUNetPlans__3d_fullres/fold_0/validation/Case3040.npz,data/nnUNet/nnUNet_results/Dataset501_CAREMyoPS/nnUNetTrainer_500epochs__nnUNetPlans__3d_fullres/fold_0/validation/Case3040.nii.gz,results/20260721_srr_batch5_post_batch4_diagnostic_repair/runtime/inference/anchor_bounded_proposal_only/predictions/Case3040.nii.gz,data/nnUNet/nnUNet_raw/Dataset501_CAREMyoPS/labelsTr/Case3040.nii.gz,1,1,1,validation_inference_all_train_shards,True,True,3,0,,3.1526832580566406,False,True,False,eef23a5800ceeb9cc644024e7c9083e90b48d4d1b79bfefc1adb7ea2c49979e4
Case3044,anchor_bounded_proposal_only,0,"[3, 499, 501]","1.0,1.0,1.0",data/nnUNet/nnUNet_results/Dataset501_CAREMyoPS/nnUNetTrainer_500epochs__nnUNetPlans__3d_fullres/fold_0/validation/Case3044.npz,data/nnUNet/nnUNet_results/Dataset501_CAREMyoPS/nnUNetTrainer_500epochs__nnUNetPlans__3d_fullres/fold_0/validation/Case3044.nii.gz,results/20260721_srr_batch5_post_batch4_diagnostic_repair/runtime/inference/anchor_bounded_proposal_only/predictions/Case3044.nii.gz,data/nnUNet/nnUNet_raw/Dataset501_CAREMyoPS/labelsTr/Case3044.nii.gz,1,1,1,validation_inference_all_train_shards,True,True,1,0,,3.2394063472747803,False,True,True,36be9d7e96d29e127a0f073b37456ccf0e2ed30030eaa76a598fa4122030d2c0
Case5005,anchor_bounded_proposal_only,0,"[6, 256, 256]","1.0,0.0,1.0",data/nnUNet/nnUNet_results/Dataset501_CAREMyoPS/nnUNetTrainer_500epochs__nnUNetPlans__3d_fullres/fold_0/validation/Case5005.npz,data/nnUNet/nnUNet_results/Dataset501_CAREMyoPS/nnUNetTrainer_500epochs__nnUNetPlans__3d_fullres/fold_0/validation/Case5005.nii.gz,results/20260721_srr_batch5_post_batch4_diagnostic_repair/runtime/inference/anchor_bounded_proposal_only/predictions/Case5005.nii.gz,data/nnUNet/nnUNet_raw/Dataset501_CAREMyoPS/labelsTr/Case5005.nii.gz,1,1,1,validation_inference_all_train_shards,True,True,181,0,,3.9701013565063477,True,True,True,b708b958b04c15de9d6fdfd0c2b02f966a029d6e74e1ec32e178da7f052f80b3
Case6001,anchor_bounded_proposal_only,0,"[8, 288, 288]","1.0,0.0,1.0",data/nnUNet/nnUNet_results/Dataset501_CAREMyoPS/nnUNetTrainer_500epochs__nnUNetPlans__3d_fullres/fold_0/validation/Case6001.npz,data/nnUNet/nnUNet_results/Dataset501_CAREMyoPS/nnUNetTrainer_500epochs__nnUNetPlans__3d_fullres/fold_0/validation/Case6001.nii.gz,results/20260721_srr_batch5_post_batch4_diagnostic_repair/runtime/inference/anchor_bounded_proposal_only/predictions/Case6001.nii.gz,data/nnUNet/nnUNet_raw/Dataset501_CAREMyoPS/labelsTr/Case6001.nii.gz,1,1,1,validation_inference_all_train_shards,True,True,119,0,,3.9694902896881104,True,True,True,e0126b19c8b8e077eb28a889077bb755b9c0ff3711ee8c7ae7b36eb71fb68961
Case6010,anchor_bounded_proposal_only,0,"[7, 288, 288]","1.0,0.0,1.0",data/nnUNet/nnUNet_results/Dataset501_CAREMyoPS/nnUNetTrainer_500epochs__nnUNetPlans__3d_fullres/fold_0/validation/Case6010.npz,data/nnUNet/nnUNet_results/Dataset501_CAREMyoPS/nnUNetTrainer_500epochs__nnUNetPlans__3d_fullres/fold_0/validation/Case6010.nii.gz,results/20260721_srr_batch5_post_batch4_diagnostic_repair/runtime/inference/anchor_bounded_proposal_only/predictions/Case6010.nii.gz,data/nnUNet/nnUNet_raw/Dataset501_CAREMyoPS/labelsTr/Case6010.nii.gz,1,1,1,validation_inference_all_train_shards,True,True,19,0,,3.965235948562622,True,True,True,d102751403fadceca203aacec9225dc30c1c421368e0ba10135da90f98da27a5
Case7005,anchor_bounded_proposal_only,0,"[6, 256, 200]","1.0,0.0,1.0",data/nnUNet/nnUNet_results/Dataset501_CAREMyoPS/nnUNetTrainer_500epochs__nnUNetPlans__3d_fullres/fold_0/validation/Case7005.npz,data/nnUNet/nnUNet_results/Dataset501_CAREMyoPS/nnUNetTrainer_500epochs__nnUNetPlans__3d_fullres/fold_0/validation/Case7005.nii.gz,results/20260721_srr_batch5_post_batch4_diagnostic_repair/runtime/inference/anchor_bounded_proposal_only/predictions/Case7005.nii.gz,data/nnUNet/nnUNet_raw/Dataset501_CAREMyoPS/labelsTr/Case7005.nii.gz,1,1,1,validation_inference_all_train_shards,True,True,2,0,,3.9849724769592285,True,True,True,0a674534d7e25cf686cd0977b5156b8af19d5a87479c00912326bf8ce16312bd
Case8003,anchor_bounded_proposal_only,0,"[8, 256, 192]","1.0,0.0,0.0",data/nnUNet/nnUNet_results/Dataset501_CAREMyoPS/nnUNetTrainer_500epochs__nnUNetPlans__3d_fullres/fold_0/validation/Case8003.npz,data/nnUNet/nnUNet_results/Dataset501_CAREMyoPS/nnUNetTrainer_500epochs__nnUNetPlans__3d_fullres/fold_0/validation/Case8003.nii.gz,results/20260721_srr_batch5_post_batch4_diagnostic_repair/runtime/inference/anchor_bounded_proposal_only/predictions/Case8003.nii.gz,data/nnUNet/nnUNet_raw/Dataset501_CAREMyoPS/labelsTr/Case8003.nii.gz,1,1,1,validation_inference_all_train_shards,True,True,7,0,,3.7690014839172363,True,True,False,f4b7e7fe90798f2c8e808feaaedc50f9f2c929eda0690af7d3dfda3e87bb24b8
Case8011,anchor_bounded_proposal_only,0,"[8, 256, 192]","1.0,0.0,0.0",data/nnUNet/nnUNet_results/Dataset501_CAREMyoPS/nnUNetTrainer_500epochs__nnUNetPlans__3d_fullres/fold_0/validation/Case8011.npz,data/nnUNet/nnUNet_results/Dataset501_CAREMyoPS/nnUNetTrainer_500epochs__nnUNetPlans__3d_fullres/fold_0/validation/Case8011.nii.gz,results/20260721_srr_batch5_post_batch4_diagnostic_repair/runtime/inference/anchor_bounded_proposal_only/predictions/Case8011.nii.gz,data/nnUNet/nnUNet_raw/Dataset501_CAREMyoPS/labelsTr/Case8011.nii.gz,1,1,1,validation_inference_all_train_shards,True,True,1,0,,3.8121817111968994,True,True,False,d7dc82c202d50e02fe15e58918f8b9e1dc5a98a0f06cdb898309f89c43d95122
Case8015,anchor_bounded_proposal_only,0,"[8, 256, 206]","1.0,0.0,0.0",data/nnUNet/nnUNet_results/Dataset501_CAREMyoPS/nnUNetTrainer_500epochs__nnUNetPlans__3d_fullres/fold_0/validation/Case8015.npz,data/nnUNet/nnUNet_results/Dataset501_CAREMyoPS/nnUNetTrainer_500epochs__nnUNetPlans__3d_fullres/fold_0/validation/Case8015.nii.gz,results/20260721_srr_batch5_post_batch4_diagnostic_repair/runtime/inference/anchor_bounded_proposal_only/predictions/Case8015.nii.gz,data/nnUNet/nnUNet_raw/Dataset501_CAREMyoPS/labelsTr/Case8015.nii.gz,1,1,1,validation_inference_all_train_shards,True,True,1,0,,3.7844672203063965,True,True,False,f74baed1249182966ec7f8d57f768257fd5751ede556722881d926cc80663d65
Case8019,anchor_bounded_proposal_only,0,"[8, 256, 192]","1.0,0.0,0.0",data/nnUNet/nnUNet_results/Dataset501_CAREMyoPS/nnUNetTrainer_500epochs__nnUNetPlans__3d_fullres/fold_0/validation/Case8019.npz,data/nnUNet/nnUNet_results/Dataset501_CAREMyoPS/nnUNetTrainer_500epochs__nnUNetPlans__3d_fullres/fold_0/validation/Case8019.nii.gz,results/20260721_srr_batch5_post_batch4_diagnostic_repair/runtime/inference/anchor_bounded_proposal_only/predictions/Case8019.nii.gz,data/nnUNet/nnUNet_raw/Dataset501_CAREMyoPS/labelsTr/Case8019.nii.gz,1,1,1,validation_inference_all_train_shards,True,True,2,0,,3.7920031547546387,True,True,False,1a2733c1ed07a84843de7f308eae46c87cd59697081ca078922f738d2be4d90d
Case8021,anchor_bounded_proposal_only,0,"[8, 256, 192]","1.0,0.0,0.0",data/nnUNet/nnUNet_results/Dataset501_CAREMyoPS/nnUNetTrainer_500epochs__nnUNetPlans__3d_fullres/fold_0/validation/Case8021.npz,data/nnUNet/nnUNet_results/Dataset501_CAREMyoPS/nnUNetTrainer_500epochs__nnUNetPlans__3d_fullres/fold_0/validation/Case8021.nii.gz,results/20260721_srr_batch5_post_batch4_diagnostic_repair/runtime/inference/anchor_bounded_proposal_only/predictions/Case8021.nii.gz,data/nnUNet/nnUNet_raw/Dataset501_CAREMyoPS/labelsTr/Case8021.nii.gz,1,1,1,validation_inference_all_train_shards,True,True,0,0,,3.7859647274017334,True,True,False,92e173c86cb2fc1f678b730a0e3d995009a47e5712e4373009f363b7aa005381
Case8022,anchor_bounded_proposal_only,0,"[8, 256, 192]","1.0,0.0,0.0",data/nnUNet/nnUNet_results/Dataset501_CAREMyoPS/nnUNetTrainer_500epochs__nnUNetPlans__3d_fullres/fold_0/validation/Case8022.npz,data/nnUNet/nnUNet_results/Dataset501_CAREMyoPS/nnUNetTrainer_500epochs__nnUNetPlans__3d_fullres/fold_0/validation/Case8022.nii.gz,results/20260721_srr_batch5_post_batch4_diagnostic_repair/runtime/inference/anchor_bounded_proposal_only/predictions/Case8022.nii.gz,data/nnUNet/nnUNet_raw/Dataset501_CAREMyoPS/labelsTr/Case8022.nii.gz,1,1,1,validation_inference_all_train_shards,True,True,2,0,,3.7564382553100586,True,True,False,1cdd51d8509cb8e6cd046ed0d3b053b9e4b81d5824ac4570b6591f86eec3d602
Case8023,anchor_bounded_proposal_only,0,"[8, 256, 192]","1.0,0.0,0.0",data/nnUNet/nnUNet_results/Dataset501_CAREMyoPS/nnUNetTrainer_500epochs__nnUNetPlans__3d_fullres/fold_0/validation/Case8023.npz,data/nnUNet/nnUNet_results/Dataset501_CAREMyoPS/nnUNetTrainer_500epochs__nnUNetPlans__3d_fullres/fold_0/validation/Case8023.nii.gz,results/20260721_srr_batch5_post_batch4_diagnostic_repair/runtime/inference/anchor_bounded_proposal_only/predictions/Case8023.nii.gz,data/nnUNet/nnUNet_raw/Dataset501_CAREMyoPS/labelsTr/Case8023.nii.gz,1,1,1,validation_inference_all_train_shards,True,True,29,0,,3.825860023498535,True,True,False,6f8d9de9bc9fcffa392506753f24c9ab4943557956540f79d0e428704b160865
